motion_interval: 45 ms motion_magnitude: 0.002000 m error_threshold: 5.000000 px
Format: time(ms)---pt_num---feedback_pt---target_pt---ee_pt
Grasping position motion: 1-task oriented metric 2-distance sum. Current Mode: 2
0: 2 239.158 231.841 315.94 228.873 239.021 267.022 316.006 249.013 285.963 185.151 285 185 
47: 2 239.139 231.848 315.947 228.871 239.021 267.022 316.006 249.013 285.997 185.156 285 185 
102: 2 239.128 231.915 315.912 228.911 239.021 267.022 316.006 249.013 285.942 185.254 285 185 
149: 2 239.096 232.072 315.876 228.947 239.021 267.022 316.006 249.013 285.922 185.89 285 185 
200: 2 239.125 232.131 315.897 228.981 239.021 267.022 316.006 249.013 286.138 186.561 285 185 
247: 2 239.066 232.187 315.846 229.017 239.021 267.022 316.006 249.013 286.055 187.11 285 185 
302: 2 239.093 232.217 315.85 229.031 239.021 267.022 316.006 249.013 286.201 187.665 285 185 
348: 2 239.067 232.262 315.844 229.07 239.021 267.022 316.006 249.013 286.152 188.157 285 185 
399: 2 239.055 232.304 315.839 229.091 239.021 267.022 316.006 249.013 286.236 188.627 285 185 
445: 2 239.037 232.341 315.808 229.108 239.021 267.022 316.006 249.013 286.215 189.022 285 185 
500: 2 239.012 232.383 315.791 229.137 239.021 267.022 316.006 249.013 286.28 189.51 285 185 
546: 2 238.989 232.43 315.757 229.146 239.021 267.022 316.006 249.013 286.313 189.85 285 185 
599: 2 238.977 232.477 315.734 229.163 239.021 267.022 316.006 249.013 286.345 190.398 285 185 
646: 2 238.944 232.541 315.684 229.173 239.021 267.022 316.006 249.013 286.361 190.686 285 185 
699: 2 238.88 232.565 315.672 229.177 239.021 267.022 316.006 249.013 286.425 191.161 285 185 
745: 2 238.843 232.624 315.638 229.181 239.021 267.022 316.006 249.013 286.43 191.51 285 185 
792: 2 238.798 232.633 315.65 229.192 239.021 267.022 316.006 249.013 286.469 191.627 285 185 
838: 2 238.695 232.705 315.609 229.175 239.021 267.022 316.006 249.013 286.478 192.246 285 185 
885: 2 238.698 232.718 315.595 229.187 239.021 267.022 316.006 249.013 286.513 192.468 285 185 
932: 2 238.694 232.788 315.56 229.168 239.021 267.022 316.006 249.013 286.532 193.003 285 185 
979: 2 238.725 232.83 315.541 229.155 239.021 267.022 316.006 249.013 286.572 193.244 285 185 
1033: 2 238.735 232.889 315.515 229.171 239.021 267.022 316.006 249.013 286.629 193.678 285 185 
1079: 2 238.71 232.923 315.498 229.21 239.021 267.022 316.006 249.013 286.633 193.916 285 185 
1133: 2 238.718 232.946 315.455 229.236 239.021 267.022 316.006 249.013 286.749 194.273 285 185 
1180: 2 238.664 233.022 315.436 229.257 239.021 267.022 316.006 249.013 286.762 194.523 286 200 
1232: 2 238.609 233.065 315.437 229.271 239.021 267.022 316.006 249.013 286.869 194.776 286 200 
1279: 2 238.577 233.108 315.419 229.303 239.021 267.022 316.006 249.013 286.868 195.066 286 200 
1331: 2 238.515 233.156 315.419 229.335 239.021 267.022 316.006 249.013 286.916 195.38 286 200 
1378: 2 238.465 233.178 315.417 229.386 239.021 267.022 316.006 249.013 286.955 195.603 286 200 
1432: 2 238.431 233.224 315.435 229.429 239.021 267.022 316.006 249.013 287.02 195.94 286 200 
1478: 2 238.375 233.253 315.425 229.479 239.021 267.022 316.006 249.013 287.023 196.217 286 200 
1525: 2 238.324 233.27 315.412 229.496 239.021 267.022 316.006 249.013 287.097 196.318 286 200 
1571: 2 238.215 233.28 315.378 229.571 239.021 267.022 316.006 249.013 287.16 196.655 286 200 
1618: 2 238.21 233.294 315.371 229.599 239.021 267.022 316.006 249.013 287.187 196.814 286 200 
1664: 2 238.224 233.293 315.339 229.635 239.021 267.022 316.006 249.013 287.204 197.24 286 200 
1710: 2 238.184 233.319 315.333 229.633 239.021 267.022 316.006 249.013 287.214 197.381 286 200 
1764: 2 238.123 233.32 315.32 229.648 239.021 267.022 316.006 249.013 287.27 197.747 286 200 
1810: 2 238.08 233.32 315.301 229.703 239.021 267.022 316.006 249.013 287.302 197.938 286 200 
1857: 2 238.119 233.309 315.299 229.755 239.021 267.022 316.006 249.013 287.311 198.105 286 200 
1903: 2 238.064 233.323 315.289 229.906 239.021 267.022 316.006 249.013 287.386 198.467 286 200 
1949: 2 238.037 233.323 315.32 229.98 239.021 267.022 316.006 249.013 287.409 198.727 286 200 
2000: 2 237.873 233.316 315.375 230.252 239.021 267.022 316.006 249.013 287.434 199.065 286 200 
2046: 2 237.82 233.285 315.352 230.429 239.021 267.022 316.006 249.013 287.444 199.377 286 200 
2100: 2 237.767 233.267 315.401 230.355 239.021 267.022 316.006 249.013 287.542 199.706 286 200 
2146: 2 237.731 233.241 315.452 230.305 239.021 267.022 316.006 249.013 287.547 199.974 286 200 
2200: 2 237.699 233.181 315.433 230.269 239.021 267.022 316.006 249.013 287.645 200.419 286 200 
2246: 2 237.707 233.144 315.473 230.323 239.021 267.022 316.006 249.013 287.676 200.649 286 200 
2293: 2 237.641 233.135 315.493 230.332 239.021 267.022 316.006 249.013 287.705 200.888 287 206 
2339: 2 237.486 233.197 315.527 230.385 239.021 267.022 316.006 249.013 287.755 201.373 287 206 
2385: 2 237.432 233.204 315.544 230.447 239.021 267.022 316.006 249.013 287.757 201.566 287 206 
2432: 2 237.362 233.235 315.583 230.54 239.021 267.022 316.006 249.013 287.785 202.038 287 206 
2478: 2 237.381 233.221 315.608 230.61 239.021 267.022 316.006 249.013 287.809 202.23 287 206 
2531: 2 237.322 233.247 315.759 230.747 239.021 267.022 316.006 249.013 287.89 202.675 287 206 
2578: 2 237.361 233.243 315.78 230.944 239.021 267.022 316.006 249.013 287.941 202.89 287 206 
2631: 2 237.342 233.232 315.834 230.897 239.021 267.022 316.006 249.013 288.012 203.301 287 206 
2677: 2 237.321 233.266 315.88 230.896 239.021 267.022 316.006 249.013 288.019 203.547 287 206 
2731: 2 237.263 233.286 315.942 230.944 239.021 267.022 316.006 249.013 288.125 203.851 287 206 
2777: 2 237.21 233.31 315.97 230.972 239.021 267.022 316.006 249.013 288.16 204.116 287 206 
2831: 2 237.142 233.347 316.059 231.057 239.021 267.022 316.006 249.013 288.229 204.484 287 206 
2877: 2 237.081 233.333 316.104 231.079 239.021 267.022 316.006 249.013 288.269 204.693 287 206 
2931: 2 237.026 233.383 316.191 231.146 239.021 267.022 316.006 249.013 288.331 205.11 287 206 
2977: 2 236.988 233.43 316.221 231.201 239.021 267.022 316.006 249.013 288.322 205.395 287 206 
3023: 2 236.945 233.44 316.274 231.259 239.021 267.022 316.006 249.013 288.386 205.597 287 206 
3070: 2 236.857 233.479 316.377 231.328 239.021 267.022 316.006 249.013 288.409 206.062 287 206 
3116: 2 236.806 233.512 316.38 231.396 239.021 267.022 316.006 249.013 288.442 206.34 287 206 
3169: 2 236.723 233.517 316.458 231.411 239.021 267.022 316.006 249.013 288.512 206.778 287 206 
3215: 2 236.687 233.54 316.518 231.458 239.021 267.022 316.006 249.013 288.56 207.061 278 203 
3268: 2 236.631 233.594 316.581 231.623 239.021 267.022 316.006 249.013 288.623 207.559 278 203 
3315: 2 236.602 233.674 316.599 231.757 239.021 267.022 316.006 249.013 288.646 207.818 278 203 
3368: 2 236.6 233.721 316.7 231.863 239.021 267.022 316.006 249.013 288.735 208.36 278 203 
3415: 2 236.571 233.749 316.752 231.947 239.021 267.022 316.006 249.013 288.736 208.554 278 203 
3469: 2 236.46 233.781 316.874 232.103 239.021 267.022 316.006 249.013 288.839 208.966 278 203 
3515: 2 236.404 233.792 316.98 232.173 239.021 267.022 316.006 249.013 288.864 209.208 278 203 
3569: 2 236.441 233.86 317.096 232.269 239.021 267.022 316.006 249.013 288.954 209.602 278 203 
3615: 2 236.435 233.947 317.144 232.394 239.021 267.022 316.006 249.013 288.974 209.803 278 203 
3668: 2 236.482 234.082 317.253 232.517 239.021 267.022 316.006 249.013 289.123 210.266 278 203 
3715: 2 236.532 234.145 317.305 232.602 239.021 267.022 316.006 249.013 289.151 210.503 278 203 
3769: 2 236.604 234.224 317.403 232.691 239.021 267.022 316.006 249.013 289.241 210.933 278 203 
3816: 2 236.585 234.313 317.455 232.799 239.021 267.022 316.006 249.013 289.246 211.192 278 203 
3869: 2 236.542 234.442 317.591 232.999 239.021 267.022 316.006 249.013 289.26 211.616 278 203 
3915: 2 236.516 234.591 317.634 233.193 239.021 267.022 316.006 249.013 289.336 211.885 277 207 
3969: 2 236.509 234.763 317.778 233.439 239.021 267.022 316.006 249.013 289.401 212.36 277 207 
4015: 2 236.495 234.916 317.832 233.525 239.021 267.022 316.006 249.013 289.395 212.632 277 207 
4068: 2 236.53 235.13 317.987 233.694 239.021 267.022 316.006 249.013 289.474 213.065 277 207 
4115: 2 236.542 235.223 318.078 233.761 239.021 267.022 316.006 249.013 289.449 213.424 277 207 
4168: 2 236.554 235.473 318.234 234.016 239.021 267.022 316.006 249.013 289.496 213.828 277 207 
4215: 2 236.562 235.621 318.283 234.214 239.021 267.022 316.006 249.013 289.474 214.201 277 209 
4268: 2 236.518 235.926 318.429 234.462 239.021 267.022 316.006 249.013 289.485 214.685 277 209 
4315: 2 236.483 236.16 318.515 234.591 239.021 267.022 316.006 249.013 289.483 214.958 277 209 
4368: 2 236.534 236.443 318.599 234.839 239.021 267.022 316.006 249.013 289.437 215.548 277 209 
4414: 2 236.546 236.602 318.65 235.052 239.021 267.022 316.006 249.013 289.468 215.766 277 209 
4468: 2 236.598 236.877 318.74 235.294 239.021 267.022 316.006 249.013 289.465 216.366 278 210 
4514: 2 236.64 237.074 318.791 235.416 239.021 267.022 316.006 249.013 289.459 216.635 278 210 
4568: 2 236.747 237.294 318.908 235.612 239.021 267.022 316.006 249.013 289.466 216.989 278 210 
4615: 2 236.748 237.486 318.977 235.768 239.021 267.022 316.006 249.013 289.538 217.473 278 210 
4669: 2 236.725 237.759 319.131 236.045 239.021 267.022 316.006 249.013 289.524 217.756 274 213 
4715: 2 236.729 238.003 319.211 236.243 239.021 267.022 316.006 249.013 289.547 218.266 274 213 
4769: 2 236.753 238.3 319.378 236.497 239.021 267.022 316.006 249.013 289.563 218.588 274 213 
4816: 2 236.737 238.486 319.413 236.647 239.021 267.022 316.006 249.013 289.564 218.92 274 213 
4870: 2 236.775 238.794 319.528 236.933 239.021 267.022 316.006 249.013 289.558 219.395 267 214 
4916: 2 236.767 239.081 319.572 237.135 239.021 267.022 316.006 249.013 289.602 219.693 267 214 
4968: 2 236.788 239.399 319.679 237.436 239.021 267.022 316.006 249.013 289.52 220.186 267 214 
5014: 2 236.776 239.614 319.743 237.622 239.021 267.022 316.006 249.013 289.52 220.475 267 214 
5067: 2 236.732 240.052 319.884 237.918 239.021 267.022 316.006 249.013 289.458 220.973 266 215 
5114: 2 236.682 240.327 319.929 238.13 239.021 267.022 316.006 249.013 289.555 221.232 266 215 
5168: 2 236.737 240.687 320.065 238.438 239.021 267.022 316.006 249.013 289.542 221.769 266 215 
5215: 2 236.753 240.894 320.129 238.593 239.021 267.022 316.006 249.013 289.557 221.989 267 216 
5268: 2 236.799 241.309 320.208 238.838 239.021 267.022 316.006 249.013 289.612 222.523 267 216 
5315: 2 236.89 241.5 320.236 239.025 239.021 267.022 316.006 249.013 289.57 222.748 267 216 
5367: 2 236.941 241.876 320.294 239.313 239.021 267.022 316.006 249.013 289.516 223.237 267 216 
5414: 2 236.925 242.18 320.323 239.495 239.021 267.022 316.006 249.013 289.548 223.47 279 216 
5468: 2 236.811 242.622 320.379 239.829 239.021 267.022 316.006 249.013 289.577 223.893 279 216 
5515: 2 236.764 242.912 320.411 240.055 239.021 267.022 316.006 249.013 289.557 224.204 279 216 
5568: 2 236.711 243.402 320.457 240.396 239.021 267.022 316.006 249.013 289.522 224.592 272 218 
5615: 2 236.676 243.638 320.455 240.563 239.021 267.022 316.006 249.013 289.524 224.84 272 218 
5668: 2 236.643 244.173 320.486 240.923 239.021 267.022 316.006 249.013 289.541 225.32 272 218 
5714: 2 236.61 244.451 320.471 241.185 239.021 267.022 316.006 249.013 289.528 225.594 280 218 
5768: 2 236.545 244.981 320.48 241.551 239.021 267.022 316.006 249.013 289.461 226.127 280 218 
5814: 2 236.499 245.316 320.503 241.778 239.021 267.022 316.006 249.013 289.43 226.404 280 218 
5867: 2 236.449 245.82 320.516 242.213 239.021 267.022 316.006 249.013 289.464 226.818 275 220 
5913: 2 236.388 246.233 320.497 242.471 239.021 267.022 316.006 249.013 289.41 227.231 275 220 
5959: 2 236.366 246.526 320.495 242.701 239.021 267.022 316.006 249.013 289.37 227.505 275 220 
6006: 2 236.263 247.18 320.49 243.214 239.021 267.022 316.006 249.013 289.332 228.059 276 221 
6052: 2 236.219 247.51 320.479 243.476 239.021 267.022 316.006 249.013 289.343 228.375 276 221 
6099: 2 236.134 248.202 320.48 243.976 239.021 267.022 316.006 249.013 289.293 228.947 271 222 
6146: 2 236.079 248.523 320.472 244.261 239.021 267.022 316.006 249.013 289.263 229.245 271 222 
6199: 2 235.994 249.278 320.471 244.75 239.021 267.022 316.006 249.013 289.174 229.81 264 224 
6246: 2 235.929 249.599 320.44 245.054 239.021 267.022 316.006 249.013 289.166 230.208 264 224 
6299: 2 235.858 250.288 320.448 245.509 239.021 267.022 316.006 249.013 289.121 230.679 281 223 
6345: 2 235.803 250.638 320.473 245.756 239.021 267.022 316.006 249.013 289.161 231.032 281 223 
6399: 2 235.757 251.308 320.478 246.267 239.021 267.022 316.006 249.013 289.001 231.564 272 225 
6445: 2 235.704 251.664 320.478 246.533 239.021 267.022 316.006 249.013 288.978 231.837 272 225 
6500: 2 235.648 252.332 320.454 246.995 239.021 267.022 316.006 249.013 289.01 232.413 277 226 
6546: 2 235.572 252.689 320.443 247.31 239.021 267.022 316.006 249.013 288.884 232.712 277 226 
6600: 2 235.513 253.33 320.439 247.698 239.021 267.022 316.006 249.013 288.886 233.225 283 226 
6647: 2 235.448 253.747 320.415 248.055 239.021 267.022 316.006 249.013 288.849 233.56 283 226 
6701: 2 235.41 254.363 320.423 248.489 239.021 267.022 316.006 249.013 288.777 234.067 276 228 
6747: 2 235.39 254.815 320.433 248.788 239.021 267.022 316.006 249.013 288.718 234.425 276 228 
6801: 2 235.247 255.532 320.452 249.332 239.021 267.022 316.006 249.013 288.736 234.932 278 228 
6847: 2 235.14 256.006 320.453 249.636 239.021 267.022 316.006 249.013 288.637 235.384 278 228 
6900: 2 235.035 256.74 320.474 250.187 239.021 267.022 316.006 249.013 288.615 235.939 278 229 
6946: 2 234.992 257.245 320.49 250.496 239.021 267.022 316.006 249.013 288.572 236.298 278 229 
7000: 2 234.991 257.912 320.478 250.995 239.021 267.022 316.006 249.013 288.552 236.838 272 231 
7046: 2 234.986 258.392 320.456 251.33 239.021 267.022 316.006 249.013 288.545 237.291 272 231 
7101: 2 234.964 259.156 320.427 251.832 239.021 267.022 316.006 249.013 288.542 237.83 264 233 
7147: 2 234.902 259.598 320.426 252.198 239.021 267.022 316.006 249.013 288.374 238.25 264 233 
7199: 2 234.868 260.43 320.391 252.751 239.021 267.022 316.006 249.013 288.369 238.894 275 233 
7246: 2 234.768 260.887 320.371 253.117 239.021 267.022 316.006 249.013 288.275 239.252 275 233 
7300: 2 234.624 261.757 320.355 253.708 239.021 267.022 316.006 249.013 288.278 239.869 275 234 
7347: 2 234.543 262.26 320.341 254.07 239.021 267.022 316.006 249.013 288.212 240.278 275 234 
7399: 2 234.455 263.033 320.353 254.602 239.021 267.022 316.006 249.013 288.274 240.858 279 234 
7445: 2 234.507 263.259 320.418 254.806 239.021 267.022 316.006 249.013 288.221 241.066 279 234 
7492: 2 234.682 262.423 320.538 254.368 239.021 267.022 316.006 249.013 288.445 240.441 279 234 
7538: 2 234.752 261.391 320.474 253.451 239.021 267.022 316.006 249.013 288.384 239.296 277 233 
7584: 2 234.862 260.367 320.546 252.802 239.021 267.022 316.006 249.013 288.52 238.523 258 235 
7636: 2 234.603 260.514 320.25 252.514 239.021 267.022 316.006 249.013 288.051 238.116 258 235 
7682: 2 234.551 261.15 320.231 252.877 239.021 267.022 316.006 249.013 287.95 238.638 258 235 
7735: 2 234.655 261.927 320.429 253.503 239.021 267.022 316.006 249.013 288.125 239.43 273 233 
7781: 2 234.611 262.381 320.379 253.691 239.021 267.022 316.006 249.013 288.077 239.712 273 233 
7835: 2 234.532 263.208 320.48 254.223 239.021 267.022 316.006 249.013 288.119 240.34 273 234 
7882: 2 234.35 263.653 320.342 254.453 239.021 267.022 316.006 249.013 287.852 240.666 273 234 
7935: 2 234.199 264.001 320.296 254.609 239.021 267.022 316.006 249.013 287.815 240.825 270 235 
7981: 2 234.166 263.127 320.222 253.945 239.021 267.022 316.006 249.013 287.751 239.972 270 235 
8028: 2 234.142 262.56 320.136 253.544 239.021 267.022 316.006 249.013 287.619 239.482 274 233 
8074: 2 234.563 260.885 320.398 252.701 239.021 267.022 316.006 249.013 288.105 238.372 272 232 
8121: 2 234.779 260.454 320.599 252.592 239.021 267.022 316.006 249.013 288.414 238.139 272 232 
8167: 2 235.402 260.652 321.271 253.252 239.021 267.022 316.006 249.013 289.272 238.778 272 232 
8214: 2 235.295 261.208 321.19 253.487 239.021 267.022 316.006 249.013 289.123 239.177 272 232 
8260: 2 235.248 261.603 321.041 253.585 239.021 267.022 316.006 249.013 288.924 239.396 272 232 
8306: 2 234.902 262.737 320.772 254.068 239.021 267.022 316.006 249.013 288.523 240.006 275 234 
8353: 2 234.68 263.241 320.556 254.186 239.021 267.022 316.006 249.013 288.227 240.22 273 234 
8401: 2 234.15 264.176 320.009 254.429 239.021 267.022 316.006 249.013 287.429 240.641 271 235 
8448: 2 233.915 264.233 319.762 254.272 239.021 267.022 316.006 249.013 287.008 240.497 271 235 
8499: 2 233.788 263.599 319.461 253.528 239.021 267.022 316.006 249.013 286.448 239.573 271 235 
8545: 2 233.967 262.96 319.612 253.251 239.021 267.022 316.006 249.013 286.772 239.126 272 233 
8599: 2 234.426 261.451 320.028 252.599 239.021 267.022 316.006 249.013 287.482 238.239 273 232 
8646: 2 234.641 261.171 320.357 252.655 239.021 267.022 316.006 249.013 287.932 238.214 273 232 
8692: 2 234.796 261.371 320.573 253.01 239.021 267.022 316.006 249.013 288.326 238.559 273 232 
8739: 2 234.664 262.212 320.498 253.441 239.021 267.022 316.006 249.013 288.145 239.155 273 232 
8785: 2 234.539 262.722 320.371 253.65 239.021 267.022 316.006 249.013 287.84 239.51 272 234 
8836: 2 234.162 263.783 319.989 254.015 239.021 267.022 316.006 249.013 287.401 240.023 277 233 
8882: 2 233.896 264.237 319.686 254.075 239.021 267.022 316.006 249.013 286.923 240.215 277 233 
8936: 2 233.382 264.61 319.098 253.898 239.021 267.022 316.006 249.013 286.109 240.171 277 234 
8982: 2 233.331 264.032 319.006 253.488 239.021 267.022 316.006 249.013 285.992 239.586 277 234 
9037: 2 233.485 263.255 319.156 253.035 239.021 267.022 316.006 249.013 286.16 238.903 271 233 
9083: 2 233.702 262.168 319.468 252.617 239.021 267.022 316.006 249.013 286.63 238.344 273 232 
9136: 2 234.232 261.622 320.185 252.782 239.021 267.022 316.006 249.013 287.694 238.339 273 232 
9182: 2 234.443 261.714 320.393 253.016 239.021 267.022 316.006 249.013 288.02 238.572 273 232 
9236: 2 234.198 262.77 320.138 253.486 239.021 267.022 316.006 249.013 287.599 239.289 273 232 
9283: 2 233.941 263.234 319.843 253.541 239.021 267.022 316.006 249.013 287.285 239.464 274 233 
9336: 2 233.519 264.235 319.283 253.72 239.021 267.022 316.006 249.013 286.484 239.878 278 234 
9382: 2 233.329 264.505 318.919 253.683 239.021 267.022 316.006 249.013 285.965 239.97 278 234 
9436: 2 232.755 264.917 318.317 253.6 239.021 267.022 316.006 249.013 285.055 239.967 277 234 
9482: 2 232.793 264.344 318.308 253.21 239.021 267.022 316.006 249.013 284.973 239.46 277 234 
9535: 2 233.048 263.399 318.524 252.755 239.021 267.022 316.006 249.013 285.485 238.689 271 233 
9581: 2 233.392 262.409 318.954 252.529 239.021 267.022 316.006 249.013 286.186 238.279 273 232 
9628: 2 233.644 262.129 319.382 252.608 239.021 267.022 316.006 249.013 286.736 238.301 273 232 
9674: 2 233.97 262.206 319.743 252.991 239.021 267.022 316.006 249.013 287.427 238.639 273 232 
9721: 2 233.811 262.709 319.65 253.252 239.021 267.022 316.006 249.013 287.199 239.037 273 232 
9769: 2 233.427 263.732 319.232 253.486 239.021 267.022 316.006 249.013 286.451 239.514 273 234 
9815: 2 233.215 264.304 318.909 253.588 239.021 267.022 316.006 249.013 286.045 239.715 273 234 
9869: 2 232.654 265.11 318.278 253.641 239.021 267.022 316.006 249.013 285.058 239.999 272 235 
9915: 2 232.484 265.273 317.949 253.552 239.021 267.022 316.006 249.013 284.627 239.931 272 235 
9969: 2 232.453 264.522 317.833 253.034 239.021 267.022 316.006 249.013 284.46 239.231 272 235 
10015: 2 232.747 263.906 318.201 252.887 239.021 267.022 316.006 249.013 285.155 238.868 272 235 
10071: 2 233.379 262.51 318.887 252.561 239.021 267.022 316.006 249.013 286.285 238.254 272 232 
10117: 2 233.589 262.19 319.253 252.6 239.021 267.022 316.006 249.013 286.702 238.269 272 232 
10171: 2 233.955 262.258 319.771 253.01 239.021 267.022 316.006 249.013 287.512 238.564 274 232 
10217: 2 233.692 262.88 319.531 253.202 239.021 267.022 316.006 249.013 287.032 238.922 274 232 
10268: 2 233.332 263.806 319.08 253.402 239.021 267.022 316.006 249.013 286.404 239.361 272 234 
10315: 2 233.038 264.38 318.72 253.507 239.021 267.022 316.006 249.013 285.812 239.626 271 234 
10367: 2 232.525 265.087 318.083 253.514 239.021 267.022 316.006 249.013 284.944 239.777 271 234 
10414: 2 232.309 265.281 317.767 253.436 239.021 267.022 316.006 249.013 284.499 239.747 279 234 
10467: 2 232.327 264.462 317.712 252.875 239.021 267.022 316.006 249.013 284.384 239.012 279 234 
10514: 2 232.631 263.978 318.076 252.86 239.021 267.022 316.006 249.013 285.045 238.837 270 234 
10567: 2 233.351 262.559 318.918 252.6 239.021 267.022 316.006 249.013 286.343 238.252 273 232 
10614: 2 233.502 262.408 319.173 252.661 239.021 267.022 316.006 249.013 286.696 238.268 273 232 
10667: 2 233.908 262.355 319.778 253.023 239.021 267.022 316.006 249.013 287.574 238.548 273 232 
10713: 2 233.606 263.055 319.476 253.19 239.021 267.022 316.006 249.013 287.077 238.846 273 232 
10767: 2 233.181 264.003 318.867 253.329 239.021 267.022 316.006 249.013 286.187 239.25 272 234 
10814: 2 232.875 264.47 318.55 253.4 239.021 267.022 316.006 249.013 285.676 239.468 272 234 
10868: 2 232.367 265.077 317.852 253.38 239.021 267.022 316.006 249.013 284.631 239.611 272 234 
10914: 2 232.112 265.328 317.577 253.316 239.021 267.022 316.006 249.013 284.084 239.663 272 234 
10967: 2 232.085 264.716 317.476 252.876 239.021 267.022 316.006 249.013 283.843 239.068 272 234 
11014: 2 232.356 264.277 317.781 252.848 239.021 267.022 316.006 249.013 284.584 238.835 272 234 
11068: 2 233.054 262.777 318.641 252.555 239.021 267.022 316.006 249.013 286.059 238.184 266 233 
11115: 2 233.241 262.636 318.807 252.609 239.021 267.022 316.006 249.013 286.455 238.162 266 233 
11167: 2 233.801 262.272 319.579 252.824 239.021 267.022 316.006 249.013 287.403 238.263 273 232 
11214: 2 233.506 263.061 319.314 253.092 239.021 267.022 316.006 249.013 286.967 238.7 273 232 
11268: 2 233.056 263.968 318.739 253.243 239.021 267.022 316.006 249.013 286.084 239.044 277 233 
11315: 2 232.745 264.463 318.398 253.309 239.021 267.022 316.006 249.013 285.575 239.319 266 235 
11367: 2 232.236 265.15 317.741 253.339 239.021 267.022 316.006 249.013 284.571 239.489 266 235 
11414: 2 231.949 265.464 317.43 253.356 239.021 267.022 316.006 249.013 284.047 239.614 271 234 
11468: 2 232.413 264.073 317.927 252.973 239.021 267.022 316.006 249.013 285.284 238.812 271 233 
11514: 2 232.712 263.869 318.343 253.093 239.021 267.022 316.006 249.013 285.814 238.785 271 233 
11568: 2 233.384 262.733 319.079 252.797 239.021 267.022 316.006 249.013 286.765 238.285 271 234 
11614: 2 233.498 263.031 319.307 253.15 239.021 267.022 316.006 249.013 287.253 238.667 271 234 
11660: 2 233.571 263.213 319.422 253.356 239.021 267.022 316.006 249.013 287.367 238.908 271 234 
11706: 2 233.044 264.13 318.814 253.455 239.021 267.022 316.006 249.013 286.424 239.312 272 234 
11753: 2 232.774 264.482 318.486 253.399 239.021 267.022 316.006 249.013 285.799 239.377 272 234 
11804: 2 232.308 265.171 317.848 253.399 239.021 267.022 316.006 249.013 284.836 239.528 272 234 
11850: 2 232.141 265.206 317.634 253.276 239.021 267.022 316.006 249.013 284.314 239.445 272 234 
11904: 2 232.06 264.802 317.467 252.89 239.021 267.022 316.006 249.013 283.897 238.95 272 234 
11951: 2 232.312 264.352 317.705 252.831 239.021 267.022 316.006 249.013 284.576 238.675 272 234 
12005: 2 232.934 262.882 318.528 252.505 239.021 267.022 316.006 249.013 286.094 238.03 272 232 
12051: 2 233.29 262.462 318.849 252.484 239.021 267.022 316.006 249.013 286.605 237.839 271 233 
12105: 2 233.76 262.201 319.502 252.686 239.021 267.022 316.006 249.013 287.486 237.964 271 233 
12152: 2 233.513 262.827 319.283 252.895 239.021 267.022 316.006 249.013 287.079 238.41 271 233 
12205: 2 233.037 263.697 318.686 253.069 239.021 267.022 316.006 249.013 286.211 238.741 277 233 
12251: 2 232.767 264.341 318.393 253.213 239.021 267.022 316.006 249.013 285.517 239.084 277 233 
12304: 2 232.263 265.007 317.762 253.266 239.021 267.022 316.006 249.013 284.645 239.348 272 233 
12350: 2 231.948 265.441 317.437 253.335 239.021 267.022 316.006 249.013 284.136 239.526 272 233 
12404: 2 231.78 265.464 317.15 253.105 239.021 267.022 316.006 249.013 283.458 239.3 279 233 
12450: 2 231.967 265.021 317.368 253.033 239.021 267.022 316.006 249.013 283.86 239.053 279 233 
12503: 2 232.717 263.395 318.277 252.675 239.021 267.022 316.006 249.013 285.678 238.271 270 233 
12549: 2 232.936 262.889 318.513 252.528 239.021 267.022 316.006 249.013 286.095 237.973 272 232 
12603: 2 233.5 262.462 319.206 252.641 239.021 267.022 316.006 249.013 287.003 237.944 272 232 
12650: 2 233.409 263.059 319.118 252.938 239.021 267.022 316.006 249.013 286.835 238.419 272 232 
12696: 2 233.271 263.38 318.877 253.025 239.021 267.022 316.006 249.013 286.59 238.571 272 232 
12743: 2 232.674 264.492 318.323 253.298 239.021 267.022 316.006 249.013 285.513 239.162 247 279 
12789: 2 232.473 264.754 318.034 253.284 239.021 267.022 316.006 249.013 285.05 239.205 247 279 
12838: 2 231.973 265.505 317.481 253.425 239.021 267.022 316.006 249.013 284.312 239.523 275 234 
12884: 2 232.195 264.798 317.685 253.192 239.021 267.022 316.006 249.013 284.675 239.128 275 234 
12936: 2 232.877 263.697 318.534 253.11 239.021 267.022 316.006 249.013 286.254 238.667 281 233 
12983: 2 233.384 262.803 319.025 252.784 239.021 267.022 316.006 249.013 286.751 238.191 265 235 
13037: 2 233.729 262.601 319.558 253.02 239.021 267.022 316.006 249.013 287.617 238.294 265 235 
13083: 2 233.5 263.246 319.29 253.146 239.021 267.022 316.006 249.013 287.141 238.531 265 235 
13136: 2 232.867 264.24 318.537 253.247 239.021 267.022 316.006 249.013 285.855 238.964 274 234 
13183: 2 232.602 264.681 318.238 253.325 239.021 267.022 316.006 249.013 285.379 239.194 271 234 
13236: 2 232.113 265.158 317.602 253.231 239.021 267.022 316.006 249.013 284.295 239.267 271 234 
13283: 2 231.915 265.34 317.361 253.185 239.021 267.022 316.006 249.013 283.779 239.209 271 234 
13337: 2 232.313 264.022 317.732 252.748 239.021 267.022 316.006 249.013 284.74 238.46 271 234 
13383: 2 232.633 263.701 318.172 252.79 239.021 267.022 316.006 249.013 285.594 238.359 271 234 
13436: 2 233.281 262.555 318.859 252.502 239.021 267.022 316.006 249.013 286.615 237.773 271 233 
13482: 2 233.41 262.714 319.077 252.741 239.021 267.022 316.006 249.013 286.934 238.087 271 233 
13536: 2 233.464 263.283 319.252 253.205 239.021 267.022 316.006 249.013 287.152 238.585 271 233 
13582: 2 233.113 263.843 318.812 253.27 239.021 267.022 316.006 249.013 286.609 238.755 273 234 
13635: 2 232.618 264.608 318.257 253.317 239.021 267.022 316.006 249.013 285.493 239.08 273 234 
13681: 2 232.366 264.959 317.901 253.32 239.021 267.022 316.006 249.013 284.987 239.229 272 234 
13735: 2 232.009 265.196 317.461 253.144 239.021 267.022 316.006 249.013 284.143 239.122 272 234 
13782: 2 232.224 264.453 317.644 252.837 239.021 267.022 316.006 249.013 284.602 238.612 272 234 
13828: 2 232.457 264.003 317.922 252.846 239.021 267.022 316.006 249.013 285.339 238.446 272 234 
13874: 2 233.332 262.514 318.896 252.47 239.021 267.022 316.006 249.013 286.733 237.696 270 234 
13921: 2 233.479 262.562 319.17 252.657 239.021 267.022 316.006 249.013 287.23 237.86 270 234 
13968: 2 234.039 262.361 319.843 252.972 239.021 267.022 316.006 249.013 288.153 238.078 268 233 
14015: 2 233.702 262.961 319.548 253.116 239.021 267.022 316.006 249.013 287.562 238.403 268 233 
14068: 2 233.029 263.841 318.703 253.068 239.021 267.022 316.006 249.013 286.276 238.589 272 233 
14114: 2 232.741 264.3 318.406 253.123 239.021 267.022 316.006 249.013 285.696 238.769 275 234 
14167: 2 232.236 264.891 317.726 253.14 239.021 267.022 316.006 249.013 284.711 238.956 275 234 
14213: 2 231.963 265.179 317.428 253.107 239.021 267.022 316.006 249.013 284.16 239.035 270 234 
14268: 2 231.923 264.952 317.288 252.824 239.021 267.022 316.006 249.013 283.663 238.699 270 234 
14314: 2 232.178 264.455 317.544 252.781 239.021 267.022 316.006 249.013 284.364 238.513 270 234 
14368: 2 232.856 262.941 318.415 252.469 239.021 267.022 316.006 249.013 286.148 237.734 275 233 
14415: 2 233.086 262.608 318.622 252.388 239.021 267.022 316.006 249.013 286.464 237.584 275 233 
14468: 2 233.671 262.25 319.371 252.575 239.021 267.022 316.006 249.013 287.505 237.674 271 233 
14515: 2 233.45 262.872 319.125 252.772 239.021 267.022 316.006 249.013 287.084 238.064 271 233 
14567: 2 232.959 263.793 318.571 252.985 239.021 267.022 316.006 249.013 286.256 238.463 272 233 
14614: 2 232.671 264.324 318.26 253.102 239.021 267.022 316.006 249.013 285.586 238.757 270 234 
14668: 2 232.124 265.092 317.61 253.193 239.021 267.022 316.006 249.013 284.575 239.075 270 234 
14714: 2 231.887 265.483 317.374 253.28 239.021 267.022 316.006 249.013 284.208 239.238 273 234 
14768: 2 232.401 264.217 317.944 253.039 239.021 267.022 316.006 249.013 285.519 238.599 271 233 
14814: 2 232.761 263.834 318.37 253.039 239.021 267.022 316.006 249.013 286.167 238.492 271 233 
14869: 2 233.432 262.663 319.13 252.714 239.021 267.022 316.006 249.013 287.227 237.829 272 233 
14916: 2 233.628 262.733 319.392 252.957 239.021 267.022 316.006 249.013 287.701 238.035 272 233 
14968: 2 233.256 263.689 318.998 253.235 239.021 267.022 316.006 249.013 287.052 238.617 272 233 
15015: 2 232.927 264.076 318.6 253.187 239.021 267.022 316.006 249.013 286.359 238.715 242 280 
15067: 2 232.44 264.831 318.002 253.265 239.021 267.022 316.006 249.013 285.384 238.944 242 280 
15113: 2 232.18 265.104 317.695 253.214 239.021 267.022 316.006 249.013 284.757 239.033 271 234 
15160: 2 231.903 265.428 317.357 253.202 239.021 267.022 316.006 249.013 284.212 239.082 271 234 
15206: 2 232.08 264.599 317.511 252.867 239.021 267.022 316.006 249.013 284.666 238.55 271 234 
15252: 2 232.398 263.991 317.861 252.807 239.021 267.022 316.006 249.013 285.512 238.285 270 233 
15305: 2 233.135 262.722 318.675 252.455 239.021 267.022 316.006 249.013 286.68 237.652 272 233 
15351: 2 233.391 262.555 319.04 252.569 239.021 267.022 316.006 249.013 287.378 237.66 272 233 
15405: 2 233.933 262.427 319.732 252.908 239.021 267.022 316.006 249.013 288.329 237.884 272 233 
15452: 2 233.665 263.063 319.437 253.029 239.021 267.022 316.006 249.013 287.757 238.256 272 233 
15505: 2 233.071 263.94 318.665 253.078 239.021 267.022 316.006 249.013 286.578 238.507 274 233 
15551: 2 232.737 264.409 318.348 253.156 239.021 267.022 316.006 249.013 286.043 238.707 274 233 
15605: 2 232.179 264.994 317.659 253.116 239.021 267.022 316.006 249.013 284.881 238.837 272 233 
15652: 2 231.951 265.293 317.382 253.103 239.021 267.022 316.006 249.013 284.335 238.961 272 233 
15705: 2 232.152 264.052 317.494 252.474 239.021 267.022 316.006 249.013 284.59 238.019 272 233 
15752: 2 232.375 263.8 317.786 252.565 239.021 267.022 316.006 249.013 285.422 237.963 271 233 
15804: 2 233.305 262.364 318.817 252.281 239.021 267.022 316.006 249.013 287.016 237.39 271 232 
15850: 2 233.353 262.466 318.911 252.387 239.021 267.022 316.006 249.013 287.261 237.459 271 232 
15903: 2 233.875 262.257 319.634 252.717 239.021 267.022 316.006 249.013 288.331 237.681 283 231 
15950: 2 233.556 263.025 319.286 252.876 239.021 267.022 316.006 249.013 287.602 238.072 283 231 
15996: 2 233.369 263.295 318.945 252.818 239.021 267.022 316.006 249.013 287.15 238.082 272 234 
16042: 2 232.743 264.377 318.341 253.11 239.021 267.022 316.006 249.013 286.067 238.659 272 233 
16089: 2 232.441 264.628 317.99 253.066 239.021 267.022 316.006 249.013 285.525 238.67 272 233 
16135: 2 231.929 265.367 317.39 253.175 239.021 267.022 316.006 249.013 284.558 238.956 270 234 
16181: 2 232.118 264.508 317.533 252.779 239.021 267.022 316.006 249.013 285.012 238.448 270 234 
16228: 2 232.384 263.75 317.874 252.642 239.021 267.022 316.006 249.013 285.623 238.023 266 233 
16274: 2 233.46 262.417 319.056 252.442 239.021 267.022 316.006 249.013 287.458 237.498 268 233 
16321: 2 233.636 262.257 319.301 252.48 239.021 267.022 316.006 249.013 287.774 237.463 268 233 
16372: 2 234.097 262.235 319.912 252.891 239.021 267.022 316.006 249.013 288.763 237.751 268 233 
16418: 2 233.789 262.795 319.621 253.018 239.021 267.022 316.006 249.013 288.298 237.992 268 233 
16465: 2 233.469 263.357 319.149 252.94 239.021 267.022 316.006 249.013 287.445 238.183 268 233 
16511: 2 232.878 264.252 318.487 253.102 239.021 267.022 316.006 249.013 286.354 238.564